-109.73067810566984
-109.73493188403683
-109.73553662221175
-109.73597725767952
-109.73623003582308
-109.73660693204874
-109.73683942116432
-109.73707214902305
-109.73724734960948
-109.73742463384117
-109.7375901781868
-109.73773570520774
-109.73787703528761
-109.73801866911559
-109.73806781134714
-109.73811296322879
-109.7381432626024
-109.73819678138409
-109.73824664175388
-109.73825617134577
-109.73826569683301
-109.73827209635618
-109.73827720856113
-109.73828229373207
-109.73828475319674
-109.73829294895435
-109.73829584048777
-109.73830317070183
-109.73830604624251
-109.73830824982501
-109.73830932934104
-109.73831003462938
-109.73831093843984
-109.7383114275723
-109.73831185286174
-109.738312229796
-109.73831259267263
-109.73831358557165
-109.73831450352958
-109.73831473498826
-109.73831521908828
-109.73831569107348
-109.73831590897363
-109.73831623648414
-109.7383164086449
-109.73831672306831
-109.73831687729181
-109.73831701871448
-109.73831715460422
-109.73831726312633
-109.73831734351957
-109.73831756761477
-109.73831777508371
-109.738317810705
-109.73831784564786
-109.73831786361231
-109.7383178857412
-109.7383179031345
-109.73831792455397
-109.73831794090447
-109.7383179559931
-109.73831799054844
-109.73831800455294
-109.7383180335618
-109.73831805513062
-109.7383180661764
-109.73831808412865
-109.73831809086161
-109.7383181012866
-109.73831810780649
-109.73831811193402
-109.73831811653383
-109.73831812290089
-109.73831812900603
-109.73831813269776
-109.7383181376902
-109.73831814596014
-109.73831814788029
-109.73831815438186
-109.73831815596613
-109.73831815765878
-109.73831815828518
-109.73831815887621
-109.73831815946781
-109.7383181598729
-109.73831816071893
-109.73831816210134
-109.73831816249839
-109.73831816311866
-109.73831816418856
-109.7383181645393
-109.73831816484177
