-109.73067807238687
-109.73493184914393
-109.73536388824289
-109.73561733615516
-109.73583958896515
-109.73587904553764
-109.73591649786695
-109.7359231176715
-109.73592975736543
-109.73593322339407
-109.73593760206354
-109.73594199712633
-109.73594741893942
-109.73595213928742
-109.73595316606738
-109.73595401514771
-109.73595485145212
-109.73595518652506
-109.73595544057763
-109.73595600811211
-109.7359565405829
-109.73595657741855
-109.73595661299291
-109.73595669641182
-109.73595676979522
-109.73595679184984
