-109.73067810567008
-109.73619566604054
-109.74023838195092
-109.7421745446683
-109.74403293782636
-109.74487158171611
-109.74557613041786
-109.74620857225182
-109.74676959513408
-109.74699746739942
-109.74720765510614
-109.74738261820332
-109.74751160974208
-109.74763350933145
-109.74775563301966
-109.74784749436391
-109.74793953599142
-109.74795457266028
-109.74796523455069
-109.74797927959307
-109.74798953168022
-109.74799848838971
-109.7480074745565
-109.74801517596285
-109.74801998772429
-109.7480385044904
-109.74805384735215
-109.74805814035165
-109.74806247882208
-109.74806682025422
-109.74807226134575
-109.74807671718955
-109.74808118497798
-109.74808326356847
-109.74808588947512
-109.74808850785983
-109.74808996623422
-109.74809133835879
-109.7480927034251
-109.74809418640174
-109.7480968519367
-109.74809821211748
-109.74809911799333
-109.7481009554352
-109.74810142477321
-109.7481025071741
-109.74810319798337
-109.74810374835332
-109.7481041871003
-109.74810500027931
-109.74810533393259
-109.74810552367927
-109.74810575125828
-109.7481059005398
-109.74810611901535
-109.74810654680707
-109.74810694491893
-109.74810709322281
-109.74810722234339
-109.74810732609649
-109.7481073908835
-109.74810741977767
-109.748107447175
-109.74810747285127
-109.74810753602026
-109.7481075554449
-109.74810757044621
-109.74810758501717
-109.7481075992875
-109.74810762764001
-109.74810764475426
-109.74810765654645
-109.74810766503826
-109.74810767945529
-109.74810768641889
-109.74810769242085
-109.74810769954915
-109.74810770489657
-109.74810771167503
-109.74810771643223
-109.74810772196555
-109.74810773613373
-109.7481077412191
-109.74810775360815
-109.74810775986218
-109.74810776373991
-109.74810776788011
-109.74810777226295
-109.74810777676456
-109.74810777888683
-109.74810778060697
-109.7481077827594
-109.74810778413853
-109.74810778613518
-109.74810778885076
-109.7481077899444
-109.74810779323339
-109.7481077941019
-109.74810779478887
-109.74810779683135
-109.74810779749087
-109.74810779833001
-109.74810779856956
-109.74810779880643
-109.74810779933956
-109.74810779950151
-109.74810779966667
-109.7481077998211
-109.74810779996817
-109.74810780011845
-109.74810780051581
-109.74810780060814
-109.74810780077425
-109.74810780089305
-109.74810780105679
-109.74810780116402
-109.74810780121994
-109.74810780129964
-109.74810780134348
-109.74810780138367
-109.74810780142604
-109.74810780145837
-109.7481078014844
-109.74810780151495
-109.74810780157814
-109.74810780167425
-109.74810780170965
-109.74810780173628
-109.74810780176291
-109.74810780178053
-109.74810780184319
-109.7481078018826
-109.74810780189317
-109.74810780190403
-109.7481078019164
-109.74810780192458
-109.74810780193314
-109.74810780195287
-109.74810780195928
-109.74810780196431
