-109.7306781
-109.7361957
-109.7402384
-109.7423884
-109.7443246
-109.7461829
-109.7470216
-109.7476875
-109.7482705
-109.7488329
-109.7492193
-109.7494546
-109.7496429
-109.7498443
-109.7500462
-109.7502263
-109.7504069
-109.7505642
-109.7507089
-109.7508541
-109.7509787
-109.7511037
-109.7512321
-109.7513609
-109.7514414
-109.751522
-109.7515481
-109.7515732
-109.7515916
-109.751603
-109.7516142
-109.7516251
-109.751636
-109.7516707
-109.7517038
-109.7517144
-109.7517252
-109.7517325
-109.7517381
-109.7517412
-109.7517461
-109.7517501
-109.7517526
-109.7517565
-109.751761
-109.7517632
-109.7517667
-109.7517692
-109.7517714
-109.751774
-109.7517766
-109.7517789
-109.7517845
-109.7517866
-109.7517882
-109.7517899
-109.7517914
-109.7517959
-109.7517975
-109.7517991
-109.7518001
-109.7518011
-109.751802
-109.7518029
-109.7518035
-109.751804
-109.7518044
-109.7518048
-109.7518051
-109.7518054
-109.7518057
-109.7518066
-109.7518069
-109.7518077
-109.7518079
-109.7518081
-109.7518083
-109.7518085
-109.7518086
-109.7518087
-109.7518088
-109.7518089
-109.751809
-109.751809
-109.7518091
-109.7518092
-109.7518094
-109.7518095
-109.7518095
-109.7518096
-109.7518097
-109.7518097
-109.7518098
-109.7518098
-109.7518098
-109.7518099
-109.7518099
-109.7518099
-109.7518099
-109.7518099
-109.7518099
-109.75181
-109.75181
-109.75181
-109.75181
-109.75181
-109.75181
-109.75181
-109.75181
-109.75181
-109.7518101
-109.7518101
-109.7518101
-109.7518101
-109.7518101
-109.7518101
-109.7518101
-109.7518101
-109.7518101
-109.7518101
-109.7518101
-109.7518101
-109.7518101
-109.7518101
-109.7518101
-109.7518101
-109.7518101
-109.7518101
-109.7518101
-109.7518101
-109.7518101
-109.7518101
-109.7518101
-109.7518101
-109.7518101
-109.7518101
-109.7518101
-109.7518101
-109.7518101
-109.7518101
-109.7518101
-109.7518101
-109.7518101
-109.7518101
-109.7518101
-109.7518101
-109.7518101
-109.7518101
-109.7518101
-109.7518101
-109.7518101
-109.7518101
-109.7518101
-109.7518101
-109.7518101
-109.7518101
-109.7518101
