-109.73067807238677
-109.73493184914383
-109.73708199453327
-109.73777167187981
-109.73822212853914
-109.7386298307972
-109.73887587202148
-109.73910745362332
-109.73931461119243
-109.73952228162166
-109.73970657089325
-109.73987691401821
-109.74004866880315
-109.74019713048018
-109.74034617223072
-109.74045031674999
-109.74055537665197
-109.74058175859005
-109.74065171451745
-109.7407147322468
-109.74071964937525
-109.74072458605862
-109.74072809565894
-109.74073117547657
-109.74074017081061
-109.74074840426748
-109.7407510585805
-109.74075368876927
-109.74075696094438
-109.74076022920319
-109.74076139220188
-109.7407625457661
-109.7407632519462
-109.7407639342293
-109.74076430521401
-109.7407654406525
-109.74076585011385
-109.74076690899454
-109.74076722039277
-109.7407677
-109.7407679
-109.7407681
-109.7407683
-109.7407685
-109.7407687
-109.7407688
-109.7407689
-109.740769
-109.7407691
-109.7407691
-109.7407692
-109.7407692
-109.7407692
-109.7407692
-109.7407693
-109.7407693
-109.7407693
-109.7407693
-109.7407693
-109.7407693
-109.7407694
-109.7407694
-109.7407694
-109.7407694
-109.7407694
-109.7407694
-109.7407694
-109.7407694
-109.7407694
-109.7407694
-109.7407694
-109.7407694
-109.7407694
-109.7407694
-109.7407694
-109.7407694
-109.7407694
-109.7407694
-109.7407694
-109.7407694
-109.7407694
-109.7407694
-109.7407694
-109.7407694
-109.7407694
-109.7407694
-109.7407694
-109.7407694
-109.7407694
-109.7407694
-109.7407694
-109.7407694
-109.7407694
-109.7407694
-109.7407694
-109.7407694
-109.7407694
-109.7407694
-109.7407694
-109.7407694
-109.7407694
-109.7407694
-109.7407694
-109.7407694
-109.7407694
-109.7407694
-109.7407694
-109.7407694
-109.7407694
-109.7407694
-109.7407694
-109.7407694
-109.7407694
-109.7407694
-109.7407694
-109.7407694
-109.7407694
