-111.0963381
-111.0974578
-111.0979491
-111.0983026
-111.0986564
-111.0989596
-111.0992166
-111.0995143
-111.0996988
-111.0998664
-111.099992
-111.100118
-111.1002443
-111.1003651
-111.100486
-111.1005649
-111.1006324
-111.1007186
-111.1007835
-111.1008488
-111.1009142
-111.1009964
-111.1010488
-111.1011009
-111.1011532
-111.1011931
-111.101233
-111.1012631
-111.1013118
-111.1013605
-111.101398
-111.1014355
-111.101475
-111.1015145
-111.1015363vz
-111.1015561
-111.1015759
-111.1015977
-111.1016171
-111.1016365
-111.1016633
-111.1016845
-111.1017057
-111.1017188
-111.1017329
-111.101748
-111.101763
-111.1017793
-111.1017956
-111.1018089
-111.1018233
-111.1018376
-111.1018514
-111.1018647
-111.101878
-111.1018912
-111.1019043
-111.1019146
-111.1019248
-111.1019396
-111.1019538
-111.1019592
-111.1019679
-111.1019765
-111.1019896
-111.1020024
-111.1020071
-111.1020119
-111.1020166
-111.1020213
-111.102027
-111.1020298
-111.1020352
-111.1020379
-111.1020412
-111.1020444