-109.7306781
-109.7315121
-109.7307454
-109.7314576
-109.730802
-109.7314109
-109.7308498
-109.7313707
-109.7308903
-109.7313361
-109.7309247
-109.7313065
-109.730954
-109.7312809
-109.7309789
-109.731259
-109.7310002
-109.7312402
-109.7310184
-109.731224
-109.7310339
-109.7312101
-109.7310471
-109.7311981
-109.7310585
-109.7311879
-109.7310682
-109.7311791
-109.7310765
-109.7311715
-109.7310836
-109.7311651
-109.7310896
-109.7311595
-109.7310948
-109.7311547
-109.7310993
-109.7311506
-109.7311031
-109.7311471
-109.7311064
-109.7311441
-109.7311092
-109.7311415
-109.7311116
-109.7311393
-109.7311137
-109.7311374
-109.7311154
-109.7311358
-109.7311169
-109.7311344
-109.7311182
-109.7311332
-109.7311194
-109.7311322
-109.7311203
-109.7311313
-109.7311211
-109.7311306
-109.7311218
-109.7311299
-109.7311224
-109.7311294
-109.7311229
-109.7311289
-109.7311234
-109.7311285
-109.7311238
-109.7311281
-109.7311241
-109.7311278
-109.7311244
-109.7311276
-109.7311246
-109.7311273
-109.7311248
-109.7311272
-109.731125
-109.731127
-109.7311251
-109.7311269
-109.7311253
-109.7311267
-109.7311254
-109.7311266
-109.7311255
-109.7311265
-109.7311255
-109.7311265
-109.7311256
-109.7311264
-109.7311257