-109.7306781
-109.7339032
-109.7363502
-109.7371714
-109.7381402
-109.73868
-109.7396243
-109.7405705
-109.7409974
-109.7414479
-109.7418992
-109.7422193
-109.742984
-109.743453
-109.7437322
-109.7439772
-109.7442565
-109.7445139
-109.7447916
-109.7450612
-109.7453299
-109.7455338
-109.7459681
-109.7463996
-109.7466269
-109.7468487
-109.7470291
-109.7472085
-109.7473707
-109.7477302
-109.747898
-109.7481603
-109.7484311
-109.7487019
-109.748871
-109.7490394
-109.7492116
-109.7493866
-109.7495602
-109.7496954
-109.7498649
-109.7500089
-109.7501227
-109.7502636
-109.7503853
-109.7505065
-109.7506169
-109.7508476
-109.7509626
-109.7510764
-109.7513055
-109.7516913
-109.7518497
-109.7520081
-109.7521616
-109.7522765
-109.7523903
-109.7524801
-109.7525737
-109.7526666
-109.7527746
-109.7528549
-109.7529669
-109.7530973
-109.7531729