-109.73067807238677
-109.73493184914383
-109.73708199453327
-109.73777167187981
-109.73822212853914
-109.7386298307972
-109.73887587202148
-109.73910745362332
-109.73931461119243
-109.73952228162166
-109.73970657089325
-109.73987691401821
-109.74004866880315
-109.74019713048018
-109.74034617223072
-109.74045031674999
-109.74055537665197
-109.74058175859005
-109.74065171451745
-109.7407147322468
-109.74071964937525
-109.74072458605862
-109.74072809565894
-109.74073117547657
-109.74074017081061
-109.74074840426748
-109.7407510585805
-109.74075368876927
-109.74075696094438
-109.74076022920319
-109.74076139220188
-109.7407625457661
-109.7407632519462
-109.7407639342293
-109.74076430521401
-109.7407654406525
-109.74076585011385
-109.74076690899454
-109.74076722039277
-109.74076766101582
-109.74076787396405
-109.7407680940179
-109.74076832690884
-109.74076854432106
-109.740768692125
-109.74076879160488
-109.74076887907711
-109.74076900363133
-109.74076911773342
-109.7407691447951
-109.7407691682363
-109.74076919484013
-109.74076921957204
-109.74076923351299
-109.740769263297
-109.74076929073583
-109.74076929978605
-109.74076930904407
-109.74076931666046
-109.74076933706868
-109.74076935442386
-109.74076935916128
-109.74076936443356
-109.7407693676021
-109.74076937108575
-109.740769374543
-109.74076937772618
-109.74076938051043
-109.74076938343235
-109.74076938608336
-109.7407693880762
-109.74076938939687
-109.74076939292351
-109.74076939406659
-109.74076939694751
-109.74076939776532
-109.74076939828693
-109.7407693988034
-109.74076939976445
-109.740769400655
-109.74076940119389
-109.74076940172294
-109.7407694018797
-109.74076940236326
-109.7407694027863
-109.74076940291579
-109.7407694030469
-109.7407694031113
-109.74076940317651
-109.74076940321707
-109.74076940324632
-109.74076940333666
-109.74076940336282
-109.740769403389
-109.74076940343672
-109.74076940351051
-109.74076940352967
-109.74076940356291
-109.74076940357759
-109.74076940359187
-109.74076940360177
-109.74076940361134
-109.74076940362245
-109.7407694036302
-109.74076940363884
-109.74076940364375
-109.74076940365033
-109.7407694036566
-109.74076940366966
-109.74076940368158
-109.74076940368431
-109.74076940368677
-109.74076940368857
-109.74076940369046
-109.7407694036911
-109.74076940369238
-109.7407694036932
