-108.02411836850418
-108.02921637543203
-108.03214402920882
-108.03314788485916
-108.03434103535088
-108.03555743809176
-108.03641416614131
-108.03779324627655
-108.03871096291151
-108.03914006355996
-108.03925985872927
-108.03935978795434
-108.03944735852409
-108.03950188343863
-108.03958939483283
-108.03961708486955
-108.03965387405505
-108.0396884530844
-108.03972196055668
-108.0397315941972
-108.03973804554707
-108.03974323437882
-108.03974678213437
-108.039749442999
-108.03975179994863
-108.03975444311993
