-3.622153295790874
-3.622153295790855
-3.6221532957908575
-3.622153295790845
-3.622153295790867
-3.622153295790851
-3.622153295790873
-3.6221532957908638
-3.6221532957908757
-3.622153296106735
-3.6221532937578775
-3.622153296155064
-3.622153298366684
-3.62215329576168
-3.622153296155063
-3.62215329488214
-3.622153295445818
-3.6221532956777853
-3.622153298366685
-3.622153295445818
-3.6221532904604787
-3.6221532959467035
-3.62215329576168
-3.6221532956777844
-3.6221532959467044
-3.6221532951642192
-3.622153296106734
-3.7378456850913317
-3.7378456851090713
-3.7378456851399986
-3.7378456852283035
-3.7378456849455106
-3.7378456850985087
-3.7378456851374273
-3.7378456852234616
-3.737845684945682
-3.7378456845972865
-3.737845686021028
-3.7378456846388137
-3.7378456851586708
-3.737845685071598
-3.7378456846510666
-3.737845686448299
-3.737845685543846
-3.7378456848401043
-3.7378456851787796
-3.737845685522854
-3.737845684266693
-3.7378456850978448
-3.7378456850701753
-3.7378456849270414
-3.7378456851014965
-3.7378456860044476
-3.737845684691503
-3.7398910789726334
-3.744740399170903
-3.7447403991294337
-3.744740399141765
-3.744740399214211
-3.7447403991435175
-3.744740399122316
-3.744740399145237
-3.7447403992108463
-3.7447403991396753
-3.7447403991500225
-3.744740399642903
-3.7447403991293178
-3.7447403989591734
-3.744740399178201
-3.7447403991316706
-3.744740398830908
-3.744740399217096
-3.744740399490242
-3.7447403989814223
-3.7447403992380597
-3.7447403989802273
-3.7447403991775126
-3.7447403991756576
-3.7447403993108352
-3.7447403991688266
-3.744740399094412
-3.744740399098239
-3.7454507202570433
-3.745450720115632
-3.745450720224718
-3.7454507201896683
-3.745450720289518
-3.7454507201255214
-3.745450720220498
-3.745450720194844
-3.745450720294092
-3.745450720357654
-3.745450720097014
-3.7454507203900453
-3.7454507201571956
-3.7454507202545924
-3.7454507203751515
-3.7454507204809984
-3.7454507201522196
-3.745450719843336
-3.745450720160069
-3.7454507201460214
-3.7454507202500875
-3.7454507202584204
-3.7454507202559775
-3.745450720120537
-3.7454507202637197
-3.745450720308146
-3.745450720342
-3.7459167901994346
-3.7459167901142414
-3.745916790207131
-3.745916790123501
-3.7459167901911687
-3.7459167901187844
-3.745916790206123
-3.7459167901248125
-3.745916790191812
-3.745916790158828
-3.745916790127611
-3.7459167901732107
-3.7459167902132506
-3.745916790199697
-3.7459167901729136
-3.7459167902283688
-3.745916790231986
-3.7459167903073647
-3.7459167902035757
-3.745916790212166
-3.7459167901924144
-3.745916790188555
-3.7459167901971426
-3.7459167902224872
-3.7459167901949812
-3.7459167901809782
-3.7459167901916843
-3.746014302157556
-3.7460143021359436
-3.7460143021570893
-3.7460143021279735
-3.746014302155914
-3.746014302137502
-3.746014302159041
-3.7460143021284993
-3.7460143021548764
-3.746014302160168
-3.7460143022200096
-3.746014302145281
-3.7460143021543617
-3.746014302156419
-3.7460143021536054
-3.7460143020844847
-3.7460143021553756
-3.7460143021476076
-3.7460143021553334
-3.746014302171576
-3.746014302138474
-3.7460143021594092
-3.746014302158497
-3.7460143021594527
-3.746014302156981
-3.746014302173349
-3.7460143021476595
-3.7460459579295846
-3.7460459579321834
-3.746045957926977
-3.746045957927112
-3.7460459579313454
-3.746045957931491
-3.7460459579268974
-3.746045957926903
-3.7460459579321204
-3.7460459579384597
-3.7460459579483096
-3.7460459579421364
-3.7460459579134673
-3.7460459579304604
-3.7460459579376924
-3.7460459579444096
-3.7460459579239247
-3.7460459579425542
-3.7460459579147423
-3.746045957924624
-3.7460459579171785
-3.7460459579334815
-3.7460459579307797
-3.7460459579400287
-3.746045957931072
-3.746045957915285
-3.7460459579339536
-3.7460494064280807
-3.7460494064279657
-3.7460494064297167
-3.746049406429411
-3.746049406426518
-3.7460494064277152
-3.7460494064295857
-3.7460494064294507
-3.7460494064261867
-3.746049406421923
-3.746049406415484
-3.7460494064224688
-3.746049406427157
-3.74604940642825
-3.746049406422921
-3.7460494064196177
-3.746049406433492
-3.7460494064183614
-3.7460494064267693
-3.746049406429711
-3.7460494064308043
-3.7460494064268453
-3.7460494064277854
-3.746049406418394
-3.7460494064280137
-3.7460494064361645
-3.746049406427521
-3.7460502109383635
