-0.9152250520002101
-0.9152250520002001
-0.9152250520002145
-0.9152250520001992
-0.9152250520002028
-0.9152250520002128
-0.9152250520002012
-0.9152250466698137
-0.9152250521560386
-0.9152250522245313
-0.9152250521560388
-0.9152250513735547
-0.9152250519299996
-0.9152250522245313
-0.9152250519299996
-0.9152250516973601
-0.9981062167924822
-0.9981062164875686
-0.9981062167309911
-0.9981062167643265
-0.9981062164875716
-0.9981062167309815
-0.9981062167642919
-0.998106215475806
-0.998106216802024
-0.9981062167386514
-0.9981062168020342
-0.9981062177219409
-0.9981062168902479
-0.998106216738381
-0.998106216890227
-0.9981062173715988
-1.0013436796960606
-1.0013436795020823
-1.0013436797005033
-1.001343679740143
-1.0013436795020854
-1.0013436797005106
-1.001343679740122
-1.0013436802241278
-1.0013436796670323
-1.0013436797005517
-1.0013436796670327
-1.0013436785928351
-1.0013436796094077
-1.0013436797005946
-1.0013436796094737
-1.001343678679605
-1.004777068620326
-1.0047770685910802
-1.0047770686273705
-1.0047770686187796
-1.0047770685910853
-1.0047770686273727
-1.0047770686188158
-1.0047770687631254
-1.0047770686304656
-1.0047770686385757
-1.004777068630469
-1.0047770685956956
-1.0047770685964343
-1.0047770686389577
-1.0047770685964181
-1.0047770688715911
-1.0048261762850217
-1.0048261762869386
-1.0048261762791497
-1.0048261762790094
-1.0048261762869413
-1.0048261762791486
-1.0048261762790347
-1.0048261762214745
-1.0048261762861264
-1.0048261762780841
-1.004826176286128
-1.0048261764164825
-1.0048261763204376
-1.0048261762780504
-1.0048261763204251
-1.0048261760974007
-1.0048959132347264
-1.0048959132323834
-1.0048959132323803
-1.0048959132343138
-1.0048959132323783
-1.0048959132323856
-1.004895913234314
-1.0048959132211317
-1.004895913233401
-1.0048959132329345
-1.0048959132334103
-1.0048959132136401
-1.0048959132305884
-1.00489591323292
-1.0048959132306032
-1.0048959132420865
-1.0048969455481893
-1.0048969455473709
-1.004896945548893
-1.004896945548705
-1.0048969455473724
-1.0048969455489012
-1.0048969455487144
-1.0048969455545784
-1.0048969455491534
-1.0048969455492325
-1.004896945549158
-1.0048969455532069
-1.0048969455491892
-1.004896945549244
-1.0048969455491812
-1.004896945549113
