-109.7306781
-109.7361968
-109.7402415
-109.7423916
-109.7438666
-109.7457957
-109.7476447
-109.7489324
-109.7501576
-109.7509915
-109.7517853
-109.7526386
-109.753336
-109.7539651
-109.7545284
-109.7550897
-109.7557098
-109.7563332
-109.7568578
-109.7573788
-109.7578081
-109.7582298
-109.7587445
-109.7590975
-109.7593332
-109.7595521
-109.7597777
-109.7600037
-109.7602163
-109.7604004
-109.760584
-109.7607698
-109.7609569
-109.7611609
-109.7613286
-109.7615076
-109.7616871
-109.7618517
-109.762006
-109.7621419
-109.7622649
-109.7623858
-109.7624964
-109.7626043
-109.7627128
-109.7628188
-109.7628965
-109.7629735
-109.763047
-109.76312
-109.76317
-109.7632361
-109.7632936
-109.7633515
-109.7633992
-109.7634455
-109.7635021
-109.7635464
-109.7635898
-109.7636429
-109.7636709
-109.7636919
-109.7637856
-109.7638053
-109.7638053
-109.7638053
-109.7638053
-109.7638053
-109.7638054
