-109.7306781

-109.7341788

-109.7373279

-109.7389814

-109.7404864

-109.7416828

-109.7430805

-109.7444518

-109.7453815

-109.7462911

-109.747007

-109.7477488

-109.7484823

-109.7490872

-109.7496279

-109.7503512

-109.7507937

-109.7512487

-109.751705

-109.7521291

-109.7525539

-109.7529438

-109.7532871

-109.7536389

-109.7540235

-109.7543996

-109.7546662

-109.7549314

-109.7551859

-109.7557966

-109.7560401

-109.7563137

-109.7564817

-109.7566501

-109.7568149

-109.756957

-109.7570991

-109.7572359

-109.7573729

-109.7575036

-109.7576366

-109.7577695

-109.7579147

-109.7580391

-109.7581618

-109.758278

-109.7583931

-109.7585064

-109.7586244

-109.758757

-109.7588677

-109.7589703

-109.7590795

-109.7591889

-109.7592905

-109.7594194

-109.7595166

-109.7596135

-109.7597079

-109.7598079

-109.7599023

-109.759999

-109.7600816

-109.7601683

-109.760249

-109.7603345

-109.7604181

-109.7604945

-109.7605697

-109.7606439

-109.7607179

-109.7607879

-109.760849

-109.7609084

-109.7609668

-109.7610414

-109.7610965

-109.7611512

-109.7612013

-109.7612515

-109.7613002

-109.761348

-109.7613959
