E_R
-1.080397544431197758e+02
-1.084595160470517214e+02
-1.087833893346869729e+02
-1.090325359758943193e+02
-1.092234796346162398e+02
-1.093690839600107552e+02
-1.094793360495090297e+02
-1.095619842383266445e+02
-1.096230275345325822e+02
-1.096635651694503650e+02
-1.096944145610896015e+02
-1.097146910978122776e+02
-1.097265823401283598e+02
-1.097350218515037881e+02
-1.097359567918498442e+02
-1.097329229614870201e+02
-1.097269950954673448e+02
-1.097191299324612999e+02
-1.097102226695484717e+02
-1.097011282938662475e+02
-1.096925609241122572e+02
-1.096850944190968704e+02
-1.096790356933297801e+02
-1.096743650905713565e+02
-1.096708564486349502e+02
