E_R
-1.081436878145201206e+02
-1.085628032020687499e+02
-1.088867091863298810e+02
-1.091361293028561192e+02
-1.093275249009802792e+02
-1.094737631665981752e+02
-1.095848501592241320e+02
-1.096685562449169282e+02
-1.097309024124976276e+02
-1.097765623291303427e+02
-1.098091624289309465e+02
-1.098315229724695570e+02
-1.098458469961148012e+02
-1.098538657214172645e+02
-1.098569538683223215e+02
-1.098562182273217047e+02
-1.098525647966698102e+02
-1.098467495358079873e+02
-1.098394132807937353e+02
-1.098311061122622760e+02
-1.098223022613389475e+02
-1.098134077356490081e+02
-1.098047629793111923e+02
-1.097966431944399233e+02
-1.097892543118412334e+02
