-109.73067810567001
-109.73619566604047
-109.74023838195083
-109.7421745446681
-109.74403293782629
-109.74459266938483
-109.74481289376685
-109.74494804586459
-109.74495952575005
-109.74497150995792
-109.74497999189464
-109.7450014206162
-109.7450192969889
-109.74502425373392
-109.74503061248018
-109.7450316647154
-109.7450349745858
-109.7450372406802
-109.74503782805284
-109.74503820760827
-109.7450387008102
-109.74503916452241
-109.74503932915621
-109.74503947079461
-109.74503959067216
-109.74503961952014
-109.74503969182375
-109.74503971185335
-109.74503973488729
-109.74503975199708
-109.74503975714133
-109.7450397701002
-109.74503977270636
-109.74503977530811
-109.74503977764763
