-109.73067810566994
-109.73619566604039
-109.74023838195076
-109.74217454466805
-109.74403293782622
-109.74487158171601
-109.74563668572618
-109.74619772256025
-109.74643241603736
-109.74664132805609
-109.7468226861808
-109.74683593037065
-109.74684672082581
-109.7468570873109
-109.74687003546485
-109.74688035840134
-109.7468907158933
-109.746898594655
-109.74692026073213
-109.74693849102177
-109.74694301307775
-109.74694909521976
-109.74695333384827
-109.74695758494687
-109.74696206985575
-109.74696655360773
-109.74696970317204
-109.74697283318017
-109.74697508995358
-109.74697843337734
-109.74698139314509
-109.74698449278456
-109.74698515279015
-109.74698601098694
-109.74698683996989
-109.74698826463862
-109.74698906738445
-109.7469912143087
-109.74699234011223
-109.74699284071743
-109.7469932338897
-109.74699340840944
-109.74699386423667
-109.74699429386726
-109.74699448218851
-109.74699464277893
-109.74699481093789
-109.74699497102795
-109.7469950989381
-109.74699514010055
-109.74699518068093
-109.74699520864121
-109.74699524118056
-109.74699532043762
-109.74699534855378
-109.74699539549943
-109.7469954155833
-109.7469954564859
-109.74699547375658
-109.7469954855033
-109.74699550314975
-109.74699551485566
-109.74699552648788
-109.74699554561765
-109.74699555513979
-109.74699556064355
-109.74699557509713
-109.74699557896716
-109.74699558306166
-109.74699558790013
-109.74699559130183
-109.74699559445149
-109.74699559697949
-109.7469955988167
-109.74699560113451
-109.7469956030313
-109.7469956069353
-109.74699560870862
-109.74699561120146
-109.74699561207889
-109.74699561277154
-109.74699561379276
-109.74699561416755
-109.74699561448318
-109.74699561473427
-109.74699561497377
-109.74699561530484
-109.7469956155246
-109.74699561608477
-109.74699561627345
-109.74699561676707
-109.74699561696906
