-109.73067810566978
-109.73102981625904
-109.73126797858009
-109.73142920882331
-109.73153833844935
-109.73161219457096
-109.73166217441674
-109.73169599486476
-109.73171887968897
-109.7317343644615
-109.73174484188867
-109.7317519311249
-109.731756727806
-109.73175997329348
-109.73176216921837
-109.7317636549965
-109.73176466028275
-109.73176534046459
-109.73176580067876
-109.73176611206168
-109.73176632274456
-109.73176646529345
-109.73176656174257
-109.7317666270004
-109.73176667115409
-109.73176670102863
-109.73176672124184
-109.7317667349182
-109.73176674417165
-109.73176675043258
-109.73176675466875
-109.73176675753496
-109.73176675947425
-109.73176676078636
-109.73176676167412
-109.73176676227484
-109.73176676268125
-109.73176676295625
-109.7317667631423
-109.7317667632682
-109.73176676335336
