-109.73067810566974
-109.731029816259
-109.73126797858005
-109.73142920882327
-109.73153833844931
-109.73161219457091
-109.7316621744167
-109.73169599486472
-109.73171887968893
-109.73173436446146
-109.73174484188863
-109.73175193112486
-109.73175672780596
-109.73175997329344
-109.73176216921833
-109.73176365499646
-109.7317646602827
-109.73176534046455
-109.73176580067872
-109.7317661120616
-109.73176632274452
-109.7317664652934
-109.73176656174255
-109.73176662700035
-109.73176667115405
-109.73176670102859
-109.7317667212418
-109.73176673491815
-109.73176674417161
-109.73176675043254
-109.73176675466873
-109.73176675753491
-109.73176675947421
-109.73176676078631
-109.73176676167408
-109.7317667622748
-109.7317667626812
-109.73176676295621
-109.73176676314226
-109.73176676326815
-109.73176676335332
