-109.73067810566984
-109.73493188403687
-109.73536392286405
-109.73561737078685
-109.73583962366406
-109.73587907958868
-109.7359165313034
-109.73592315111146
-109.73592979080881
-109.73593325683896
-109.73593763551817
-109.73594203059069
-109.7359474523126
-109.73595217258182
-109.73595319936886
-109.7359540484673
-109.73595488478928
-109.73595521986249
-109.73595547392407
-109.73595604144656
-109.7359565739058
-109.73595661074164
-109.73595664631632
-109.73595672973349
-109.7359568031152
-109.73595682516962
