2.709960770867274604e+00
1.574821347983625941e-01
-6.018037107656870610e-01
-9.141497046270821158e-01
-1.055159794470626577e+00
-1.116286006869540381e+00
-1.136189454065922977e+00
-1.134147666677096211e+00
-1.120560281299988414e+00
-1.101150330232618213e+00
-1.079192944969074475e+00
-1.056740746305257606e+00
-1.035186266434254598e+00
-1.015468249288245417e+00
-9.981493534714098725e-01
-9.834727290331732874e-01
-9.714266884583412365e-01
-9.618169527925807261e-01
-9.543388539987278651e-01
-9.486411121761855192e-01
-9.443746811197423208e-01
-9.412240336932617968e-01
-9.389223859872743994e-01
-9.372549530096294657e-01
-9.360549199556063016e-01
-9.351960308474744910e-01
-9.345844159367681092e-01
-9.341510956709369040e-01
-9.338457507791571022e-01
-9.336318445584985692e-01
