E_R
-1.080241183685041477e+02
-1.084475959799742384e+02
-1.087737864868497155e+02
-1.090244730351077607e+02
-1.092164825757313196e+02
-1.093628457901329085e+02
-1.094736490745628146e+02
-1.095567031577423762e+02
-1.096180478203955033e+02
-1.096623634409063328e+02
-1.096932752063701315e+02
-1.097135968284249969e+02
-1.097255202967307071e+02
-1.097307620047802175e+02
-1.097306780723868798e+02
-1.097263527507486032e+02
-1.097186658568368500e+02
-1.097083430734680292e+02
-1.096959919830567571e+02
-1.096821270684118730e+02
-1.096671870987178323e+02
-1.096515457543471115e+02
-1.096355192045948428e+02
-1.096193728321684659e+02
-1.096033235903836811e+02