-8.06325255408258
-8.063252554082604
-8.063252554082569
-8.063252554082583
-8.063252554082569
-8.063252554082554
-8.063252554082666
-8.06325255408257
-8.063252554082599
-8.06325255408254
-8.063252554082638
-8.063252554082613
-8.063252554082519
-8.063252554082633
-8.063252554082641
-8.063252554082613
-8.063252554082517
-8.063252554082593
-8.063252554082592
-8.063252553219403
-8.063252553947992
-8.0632525545854
-8.063252554149257
-8.06325255330294
-8.063252553399193
-8.06325255403013
-8.063252554375115
-8.063252553953316
-8.063252553986484
-8.06325255349966
-8.06325255417809
-8.063252554184622
-8.063252553901199
-8.063252554102121
-8.063252553399193
-8.06325255207438
-8.0632525541517
-8.063252554816494
-8.063252553603277
-8.063252553962027
-8.063252553675271
-8.063252554218908
-8.06325255405212
-8.063252554030134
-8.063252554151704
-8.063252553549072
-8.063252554121068
-8.063252554143407
-8.063252554066235
-8.063252554117947
-8.063252554032578
-8.063252554116922
-8.06325255439844
-8.063252554223359
-8.063252554375117
-8.063252554816495
-8.063252554121066
-8.06325255204958
-8.063252554446766
-8.06325255430422
-8.063252556658387
-8.063252554053381
-8.063252554006668
-8.063252554070806
-8.063252553953317
-8.063252553603279
-8.063252554143405
-8.063252554446766
-8.063252553173843
-8.063252553968375
-8.06325255373752
-8.063252553969487
-8.063252554137085
-8.063252553986485
-8.063252553962029
-8.063252554066233
-8.06325255430422
-8.063252553968375
-8.063252553090738
-8.06325255386589
-8.06325255414886
-8.06325255386819
-8.063252553499664
-8.063252553675268
-8.06325255411794
-8.063252556658387
-8.063252553737524
-8.06325255386589
-8.06325254875218
-8.063252554238408
-8.063252554306896
-8.06325255417809
-8.063252554218911
-8.063252554032575
-8.063252554053381
-8.063252553969487
-8.063252554148857
-8.063252554238408
-8.063252553455923
-8.063252554012369
-8.063252554184627
-8.063252554052118
-8.063252554116923
-8.06325255400667
-8.06325255413709
-8.063252553868193
-8.063252554306898
-8.06325255401237
-8.06325255377973
-8.063252553219401
-8.06325255394799
-8.0632525545854
-8.063252554149255
-8.063252553901197
-8.06325255410212
-8.063252554398442
-8.063252554223359
-8.063252554070806
-8.157698995607584
-8.157698995353677
-8.1576989955269
-8.157698995631112
-8.15769899537777
-8.157698995359262
-8.157698995619647
-8.157698995552616
-8.15769899516958
-8.15769899554198
-8.15769899534431
-8.157698995530266
-8.15769899563105
-8.157698995366111
-8.157698995360299
-8.157698995621955
-8.15769899555914
-8.157698995174368
-8.157698995541987
-8.157698996916958
-8.157698995796238
-8.157698994555968
-8.157698995534654
-8.157698996805705
-8.157698996476633
-8.157698995670941
-8.157698995302042
-8.157698995761864
-8.157698995720114
-8.157698995536046
-8.157698995557462
-8.157698995580695
-8.157698995949364
-8.157698995508992
-8.157698996473957
-8.157698998751037
-8.157698995509648
-8.157698994479297
-8.15769899643185
-8.15769899586673
-8.15769899657801
-8.157698995351671
-8.157698995571902
-8.157698995669815
-8.157698995516089
-8.157698997042953
-8.15769899553316
-8.157698995523171
-8.15769899574402
-8.157698995652673
-8.157698995670431
-8.157698995546536
-8.15769899511966
-8.157698995343065
-8.15769899530525
-8.157698994475748
-8.157698995534234
-8.157698996820027
-8.15769899521328
-8.157698995284678
-8.157698995608383
-8.157698995765159
-8.15769899568677
-8.15769899560471
-8.1576989957591
-8.157698996393801
-8.157698995532035
-8.157698995229266
-8.157698997423818
-8.157698995814243
-8.157698996220951
-8.157698995670437
-8.157698995440994
-8.157698995716734
-8.15769899585525
-8.157698995733602
-8.157698995297173
-8.157698995812245
-8.157698997582811
-8.15769899593717
-8.157698995442974
-8.157698995845145
-8.157698995527879
-8.157698996525026
-8.157698995644402
-8.157698995611934
-8.157698996200036
-8.15769899592978
-8.157698994963354
-8.157698995746918
-8.157698995528369
-8.157698995568637
-8.157698995412222
-8.15769899565395
-8.157698995745479
-8.15769899575675
-8.157698995471979
-8.157698995750629
-8.157698996787357
-8.157698995731106
-8.157698995590469
-8.157698995596508
-8.157698995541448
-8.157698995674634
-8.157698995474465
-8.15769899591601
-8.157698995523958
-8.157698995732199
-8.157698996278445
-8.157698996650872
-8.157698995756832
-8.157698994757917
-8.157698995554405
-8.157698995931773
-8.157698995547346
-8.15769899521115
-8.157698995391012
-8.157698995609232
-8.182764957341945
-8.18276495692765
-8.18276495736751
-8.182764957336099
-8.182764957274353
-8.182764957500108
-8.182764957316497
-8.182764957360996
-8.182764957514038
-8.182764957368596
-8.182764956927304
-8.182764957364574
-8.182764957336044
-8.182764957252092
-8.182764957506029
-8.182764957318529
-8.182764957339938
-8.182764957498346
-8.182764957367558
-8.182764957091262
-8.182764957294461
-8.182764957590141
-8.182764957354102
-8.182764957176136
-8.182764957235566
-8.18276495734573
-8.182764957647048
-8.18276495727493
-8.182764957298641
-8.182764957622176
-8.18276495732126
-8.18276495730836
-8.182764957117802
-8.1827649574615
-8.182764957240037
-8.18276495585588
-8.182764957375776
-8.182764957465729
-8.18276495687886
-8.182764957141572
-8.182764957114637
-8.182764957492033
-8.182764957488043
-8.182764957344586
-8.18276495736284
-8.182764955718977
-8.182764957343217
-8.18276495736493
-8.182764957074552
-8.182764957296255
-8.18276495736626
-8.18276495736927
-8.182764957367842
-8.182764957418202
-8.182764957650617
-8.182764957443522
-8.182764957337687
-8.182764958111242
-8.182764957217247
-8.182764957344402
-8.18276495627312
-8.182764957266905
-8.182764957374385
-8.182764957377334
-8.182764957272205
-8.182764956940414
-8.182764957361007
-8.182764957218536
-8.182764956156861
-8.182764957235182
-8.18276495728124
-8.182764957408516
-8.18276495747986
-8.18276495730413
-8.18276495718559
-8.182764957100924
-8.182764957336214
-8.182764957246235
-8.18276495579118
-8.182764957321655
-8.182764957449635
-8.182764957368004
-8.182764957595673
-8.18276495723432
-8.182764957312589
-8.182764956307778
-8.182764957308143
-8.182764957336364
-8.182764958137039
-8.182764957372344
-8.182764957285075
-8.182764957318117
-8.182764957372143
-8.182764957380295
-8.182764957299563
-8.18276495716179
-8.182764957388205
-8.182764957364443
-8.182764956938232
-8.18276495730895
-8.182764957324231
-8.182764957392282
-8.182764957378266
-8.182764957372951
-8.182764957399016
-8.182764957080439
-8.182764957283272
-8.182764957306384
-8.182764956842039
-8.18276495736662
-8.18276495733626
-8.182764957331733
-8.182764957338795
-8.18276495716703
-8.182764957360522
-8.182764957287716
-8.182764957353692
-8.182764957352946
-8.195974268123738
-8.1959742679838
-8.1959742681
-8.195974268116808
-8.195974267891513
-8.19597426812539
-8.195974268119057
-8.195974268021905
-8.195974268193869
-8.195974268164886
-8.195974267982177
-8.195974268102054
-8.195974268119
-8.195974267904184
-8.19597426811758
-8.195974268113435
-8.195974268028014
-8.195974268209008
-8.195974268167847
-8.19597426771958
-8.195974268082749
-8.19597426847746
-8.195974268146252
-8.19597426794885
-8.195974267858047
-8.19597426809454
-8.195974268143587
-8.195974268121182
-8.195974268126204
-8.195974267811728
-8.195974268161072
-8.195974268155828
-8.195974268154494
-8.195974268070334
-8.195974267853348
-8.195974267927774
-8.19597426813897
-8.1959742685401
-8.19597426811935
-8.195974268159906
-8.195974267818247
-8.195974268102507
-8.19597426800612
-8.195974268101335
-8.195974268145294
-8.195974269237459
-8.195974268165289
-8.195974268135327
-8.195974268394558
-8.195974268133998
-8.195974268066227
-8.195974268129161
-8.195974268326232
-8.19597426819959
-8.19597426814089
-8.195974268566193
-8.195974268170199
-8.19597426792947
-8.195974268300267
-8.195974268251211
-8.195974268093805
-8.19597426808108
-8.195974268089216
-8.195974268089532
-8.195974268124653
-8.195974268079029
-8.195974268121057
-8.195974268279597
-8.195974268259832
-8.195974268108813
-8.195974267884765
-8.195974268058706
-8.195974268097542
-8.195974268120741
-8.195974268111508
-8.195974268357993
-8.195974268241365
-8.195974268094043
-8.195974268844175
-8.195974268012275
-8.195974268124896
-8.195974267982464
-8.195974267829442
-8.195974267782317
-8.19597426813418
-8.195974268094881
-8.19597426789955
-8.195974268008394
-8.195974267848772
-8.195974268109667
-8.195974268140889
-8.195974268159759
-8.195974268166967
-8.195974268082
-8.195974268088788
-8.195974268231078
-8.195974268153183
-8.195974268106594
-8.195974267957912
-8.195974268095123
-8.19597426814341
-8.195974268104127
-8.195974268135487
-8.195974268107195
-8.195974268147992
-8.195974268310248
-8.195974268147857
-8.195974268097565
-8.195974268321612
-8.195974267805854
-8.195974268089019
-8.195974268406578
-8.195974268139025
-8.195974268110593
-8.19597426813927
-8.195974268271577
-8.195974268194918
-8.19597426812101
-8.198005874902586
-8.198005874856328
-8.19800587492575
-8.19800587491185
-8.198005874687942
-8.198005874851123
-8.198005874928358
-8.198005874733008
-8.198005874816236
-8.198005874882488
-8.198005874857113
-8.198005874922583
-8.198005874908514
-8.19800587470175
-8.198005874861318
-8.198005874931209
-8.1980058747385
-8.198005874809988
-8.19800587487856
-8.198005875217365
-8.198005874933827
-8.198005874607272
-8.198005874891866
-8.19800587496167
-8.198005875099469
-8.198005874926334
-8.198005874815067
-8.198005874899122
-8.198005874892534
-8.198005874707837
-8.198005874873129
-8.198005874904025
-8.198005874954092
-8.198005874893957
-8.198005875101702
-8.198005875498321
-8.198005874891773
-8.198005874629471
-8.19800587504534
-8.198005874960472
-8.198005875143213
-8.198005874886274
-8.198005874946082
-8.198005874918762
-8.19800587489493
-8.198005874141483
-8.198005874868784
-8.198005874903618
-8.19800587464857
-8.198005874914875
-8.198005874946539
-8.198005874899074
-8.198005874814244
-8.198005874830116
-8.19800587481126
-8.198005874646089
-8.198005874870825
-8.198005874812743
-8.198005874889569
-8.198005874843421
-8.198005875082742
-8.198005874982144
-8.198005874907107
-8.198005874918449
-8.198005874907222
-8.198005875065046
-8.198005874920788
-8.19800587488726
-8.198005875194534
-8.198005874953786
-8.198005875049464
-8.198005874947828
-8.19800587486466
-8.198005874897746
-8.198005874984649
-8.198005874694747
-8.19800587484849
-8.198005874964048
-8.198005874453946
-8.198005874968516
-8.198005874852344
-8.198005875005999
-8.198005874712807
-8.198005875061984
-8.198005874899328
-8.198005875069727
-8.198005875013713
-8.198005874956824
-8.198005874545519
-8.198005874914717
-8.19800587492154
-8.198005874875854
-8.19800587488
-8.198005874920815
-8.198005874955514
-8.198005874931683
-8.198005874870773
-8.198005874925295
-8.198005875089706
-8.198005874940101
-8.198005874905753
-8.198005874906892
-8.198005874878241
-8.198005874899035
-8.198005874871459
-8.19800587477071
-8.198005874922261
-8.198005874939453
-8.198005874796493
-8.198005875005553
-8.198005874907514
-8.198005874792218
-8.19800587490651
-8.19800587496934
-8.198005874893303
-8.19800587488291
-8.198005874868082
-8.19800587490049
-8.200639390733441
-8.200639390619036
-8.20063939075612
-8.200639390739694
-8.20063939062809
-8.200639390761344
-8.20063939073735
-8.200639390633828
-8.200639390729142
-8.200639390717283
-8.200639390626582
-8.200639390755631
-8.200639390740113
-8.200639390627781
-8.20063939075849
-8.200639390738274
-8.200639390630245
-8.20063939072646
-8.200639390717093
-8.200639390817768
-8.200639390743872
-8.20063939063251
-8.200639390726089
-8.200639390718186
-8.200639390778582
-8.200639390744898
-8.20063939078947
-8.200639390733528
-8.200639390740927
-8.20063939076558
-8.200639390721053
-8.200639390729947
-8.200639390693123
-8.200639390764225
-8.200639390783273
-8.200639390600582
-8.20063939072883
-8.200639390627408
-8.200639390676852
-8.200639390681598
-8.20063939081304
-8.200639390758967
-8.200639390770998
-8.200639390744284
-8.200639390724195
-8.200639390815844
-8.200639390727597
-8.200639390717852
-8.200639390810013
-8.200639390737258
-8.200639390740603
-8.200639390729764
-8.200639390660834
-8.20063939071459
-8.20063939078861
-8.200639390605993
-8.200639390723113
-8.200639390865538
-8.200639390647686
-8.200639390687659
-8.200639390614384
-8.200639390742497
-8.200639390749533
-8.200639390745566
-8.200639390723982
-8.200639390682205
-8.20063939072013
-8.200639390661484
-8.200639390539884
-8.200639390706003
-8.20063939081414
-8.200639390745767
-8.200639390768583
-8.200639390740305
-8.200639390697075
-8.200639390788917
-8.200639390694493
-8.200639390708947
-8.200639390841129
-8.200639390768405
-8.200639390760053
-8.200639390756288
-8.200639390758322
-8.20063939085943
-8.200639390742763
-8.200639390616502
-8.200639390812759
-8.200639390776134
-8.200639390702442
-8.200639390747568
-8.200639390732869
-8.200639390715004
-8.200639390742797
-8.200639390741536
-8.200639390744962
-8.20063939067946
-8.200639390733636
-8.200639390749872
-8.200639390753796
-8.200639390732535
-8.200639390734556
-8.200639390734974
-8.200639390744405
-8.20063939074387
-8.20063939073513
-8.200639390751206
-8.200639390731157
-8.200639390730204
-8.200639390758678
-8.20063939081478
-8.20063939074529
-8.200639390636507
-8.200639390725737
-8.200639390713174
-8.200639390728186
-8.200639390681912
-8.200639390712178
-8.200639390733748
-8.201114603478725
-8.201114603417206
-8.20111460345621
-8.201114603475329
-8.201114603413808
-8.201114603482846
-8.201114603469595
-8.201114603431414
-8.20111460349765
-8.20111460349306
-8.201114603416912
-8.201114603458723
-8.201114603477219
-8.201114603415927
-8.20111460347681
-8.201114603467238
-8.201114603431673
-8.201114603503948
-8.201114603495864
-8.201114603340205
-8.201114603462711
-8.201114603617716
-8.201114603484097
-8.201114603508922
-8.201114603402496
-8.2011146034622
-8.201114603470288
-8.201114603490634
-8.20111460347749
-8.201114603407612
-8.201114603489664
-8.201114603477496
-8.201114603515947
-8.201114603445763
-8.201114603393298
-8.201114603513766
-8.201114603483784
-8.201114603617503
-8.201114603510206
-8.201114603527692
-8.201114603368577
-8.20111460344717
-8.201114603430105
-8.201114603465063
-8.201114603486424
-8.201114603487921
-8.201114603492055
-8.201114603498825
-8.201114603404797
-8.201114603471595
-8.201114603465651
-8.201114603483772
-8.20111460354071
-8.201114603517379
-8.201114603473018
-8.201114603615451
-8.201114603493899
-8.20111460356705
-8.20111460351423
-8.201114603511797
-8.201114603387081
-8.201114603452108
-8.201114603473622
-8.201114603456396
-8.201114603492881
-8.201114603494979
-8.201114603486163
-8.201114603510222
-8.201114603623717
-8.20111460351157
-8.20111460339832
-8.201114603457464
-8.20111460344792
-8.201114603476524
-8.201114603500805
-8.201114603425195
-8.201114603505648
-8.201114603504289
-8.201114603399015
-8.20111460344039
-8.201114603462816
-8.201114603438327
-8.201114603408485
-8.201114603383989
-8.201114603475588
-8.201114603391296
-8.20111460341953
-8.201114603441992
-8.201114603490717
-8.201114603487452
-8.201114603483054
-8.201114603489023
-8.201114603469076
-8.201114603476821
-8.201114603462925
-8.201114603514933
-8.201114603484667
-8.201114603481253
-8.201114603452552
-8.201114603476347
-8.201114603478233
-8.201114603480175
-8.201114603466621
-8.201114603479494
-8.201114603480844
-8.201114603481429
-8.201114603481933
-8.201114603479553
-8.201114603470343
-8.201114603419798
-8.201114603471911
-8.20111460354121
-8.201114603480185
-8.201114603487424
-8.201114603478942
-8.201114603503424
-8.201114603502358
-8.201114603478436
-8.201557029891402
-8.201557029882254
-8.201557029888853
-8.201557029891054
-8.201557029846516
-8.201557029886436
-8.201557029891775
-8.201557029863608
-8.201557029895818
-8.20155702989268
-8.201557029879222
-8.201557029888873
-8.201557029889804
-8.201557029850377
-8.201557029892195
-8.20155702989337
-8.201557029865025
-8.201557029893518
-8.201557029891601
-8.201557029870955
-8.201557029888633
-8.201557029913078
-8.201557029893898
-8.201557029850074
-8.201557029887807
-8.201557029893946
-8.20155702988483
-8.201557029873586
-8.201557029884535
-8.201557029841121
-8.201557029884533
-8.201557029894847
-8.201557029885729
-8.201557029895376
-8.201557029887361
-8.201557029897964
-8.201557029892918
-8.201557029912069
-8.201557029891635
-8.201557029884283
-8.201557029868178
-8.201557029902649
-8.20155702989837
-8.201557029893898
-8.201557029894207
-8.201557029888056
-8.201557029890104
-8.201557029887828
-8.201557029934104
-8.20155702989181
-8.201557029892994
-8.201557029892713
-8.201557029922496
-8.201557029893973
-8.201557029885032
-8.201557029928885
-8.201557029893461
-8.201557029866217
-8.201557029933019
-8.201557029909464
-8.20155702986446
-8.201557029896797
-8.201557029888747
-8.201557029900693
-8.201557029883125
-8.201557029901467
-8.201557029894454
-8.201557029923483
-8.201557029892564
-8.201557029875005
-8.201557029866528
-8.201557029908361
-8.20155702989606
-8.201557029885835
-8.201557029891882
-8.201557029928287
-8.2015570299058
-8.201557029878357
-8.201557029915653
-8.201557029885777
-8.201557029890239
-8.20155702989634
-8.201557029842114
-8.201557029830893
-8.201557029887043
-8.201557029861833
-8.201557029862244
-8.20155702987834
-8.201557029844002
-8.201557029898419
-8.201557029898314
-8.201557029886498
-8.201557029894618
-8.201557029887207
-8.201557029894712
-8.201557029911646
-8.201557029890928
-8.201557029897511
-8.201557029871998
-8.201557029890557
-8.201557029891996
-8.201557029891706
-8.201557029900593
-8.201557029890521
-8.201557029893943
-8.201557029890822
-8.201557029898941
-8.20155702989064
-8.201557029883956
-8.201557029853246
-8.201557029884658
-8.201557029927852
-8.201557029895671
-8.20155702989032
-8.201557029897275
-8.201557029916938
-8.201557029899837
-8.201557029893197
-8.201646791736641
-8.201646791729763
-8.201646791741293
-8.201646791736605
-8.201646791729644
-8.201646791742615
-8.201646791738767
-8.201646791724764
-8.201646791734001
-8.201646791736877
-8.201646791732324
-8.201646791741448
-8.201646791738014
-8.201646791727946
-8.201646791741256
-8.20164679173743
-8.20164679172362
-8.201646791735428
-8.201646791737085
-8.201646791758735
-8.201646791739174
-8.201646791703983
-8.201646791734648
-8.201646791750887
-8.201646791718474
-8.201646791729532
-8.201646791730939
-8.20164679175915
-8.2016467917472
-8.201646791740755
-8.201646791747697
-8.20164679173865
-8.201646791746692
-8.201646791726008
-8.201646791726402
-8.201646791701926
-8.20164679173868
-8.201646791725334
-8.201646791728344
-8.201646791751944
-8.20164679176993
-8.201646791722101
-8.201646791718176
-8.201646791728948
-8.201646791737282
-8.201646791803698
-8.201646791741348
-8.20164679174322
-8.201646791650155
-8.201646791741902
-8.201646791730871
-8.201646791732617
-8.201646791704276
-8.201646791729077
-8.201646791729427
-8.201646791714136
-8.201646791736568
-8.201646791726613
-8.201646791699684
-8.201646791717872
-8.201646791746315
-8.201646791734893
-8.201646791736364
-8.20164679171938
-8.201646791746017
-8.201646791710441
-8.201646791734197
-8.201646791708459
-8.201646791722526
-8.201646791764594
-8.20164679176419
-8.20164679169945
-8.201646791725533
-8.201646791744503
-8.201646791738257
-8.201646791659645
-8.20164679172362
-8.201646791757385
-8.201646791717456
-8.201646791741545
-8.201646791737955
-8.201646791722036
-8.20164679174126
-8.201646791795923
-8.201646791745445
-8.2016467917453
-8.201646791760355
-8.201646791749466
-8.201646791719105
-8.201646791729113
-8.201646791733372
-8.20164679174091
-8.201646791738842
-8.2016467917378
-8.201646791736627
-8.201646791714678
-8.201646791739881
-8.20164679173267
-8.201646791753182
-8.201646791738034
-8.201646791739323
-8.201646791732076
-8.201646791714603
-8.201646791735799
-8.201646791734843
-8.20164679174355
-8.20164679173386
-8.201646791736827
-8.201646791762613
-8.201646791757662
-8.201646791741965
-8.201646791706484
-8.201646791732284
-8.201646791740334
-8.201646791728349
-8.201646791719632
-8.201646791728246
-8.201646791732399
-8.201676578340626
-8.201676578340297
-8.201676578339383
-8.20167657834187
-8.201676578346074
-8.201676578339246
-8.201676578341091
-8.201676578339962
-8.201676578338912
-8.201676578338787
-8.201676578340193
-8.201676578339743
-8.201676578342491
-8.201676578343902
-8.2016765783362
-8.20167657834074
-8.201676578338786
-8.201676578339415
-8.201676578339342
-8.201676578337848
-8.20167657834028
-8.20167657834376
-8.201676578340383
-8.201676578352048
-8.201676578353144
-8.201676578346023
-8.201676578345301
-8.201676578341129
-8.201676578338095
-8.201676578355453
-8.201676578338963
-8.201676578336961
-8.201676578335093
-8.201676578346667
-8.20167657834641
-8.201676578360043
-8.201676578335649
-8.201676578337441
-8.20167657834972
-8.201676578331266
-8.201676578336123
-8.201676578341582
-8.201676578350613
-8.201676578345989
-8.20167657833553
-8.20167657829273
-8.20167657833828
-8.201676578337894
-8.201676578407426
-8.20167657833723
-8.201676578344262
-8.201676578344921
-8.20167657833506
-8.201676578343694
-8.201676578345602
-8.201676578327286
-8.201676578338079
-8.201676578350856
-8.201676578333654
-8.201676578339958
-8.201676578342624
-8.201676578341338
-8.201676578343431
-8.201676578346195
-8.201676578340363
-8.201676578354006
-8.201676578339017
-8.201676578336226
-8.201676578353158
-8.201676578328577
-8.201676578346213
-8.201676578356212
-8.20167657834707
-8.201676578339132
-8.20167657833628
-8.201676578401432
-8.201676578339894
-8.201676578332592
-8.201676578353837
-8.201676578341502
-8.201676578341335
-8.20167657834706
-8.201676578354647
-8.201676578352139
-8.201676578338452
-8.201676578342864
-8.201676578351837
-8.201676578343735
-8.201676578347694
-8.201676578343015
-8.2016765783401
-8.201676578339892
-8.20167657833796
-8.201676578343374
-8.201676578341084
-8.201676578341493
-8.201676578339157
-8.201676578341456
-8.20167657834101
-8.20167657833936
-8.201676578339068
-8.20167657834356
-8.201676578359521
-8.201676578342202
-8.201676578339681
-8.201676578337787
-8.201676578339335
-8.20167657834053
-8.201676578323257
-8.201676578351353
-8.201676578341706
-8.20167657833088
-8.201676578340047
-8.20167657833662
-8.201676578341301
-8.201676578332311
-8.201676578339555
-8.201676578341718
-8.201686517193906
-8.201686517199514
-8.201686517195
-8.201686517193748
-8.20168651719359
-8.2016865171921
-8.20168651719339
-8.201686517195734
-8.201686517193822
-8.20168651719372
-8.201686517198064
-8.201686517194698
-8.201686517192696
-8.201686517193961
-8.201686517194391
-8.20168651719422
-8.20168651719561
-8.201686517193101
-8.201686517193366
-8.201686517196567
-8.201686517194558
-8.201686517194645
-8.201686517194041
-8.201686517183143
-8.20168651720362
-8.201686517194656
-8.201686517194595
-8.201686517181964
-8.201686517191426
-8.201686517192279
-8.201686517188387
-8.20168651719472
-8.201686517191465
-8.201686517197135
-8.201686517203292
-8.20168651719916
-8.201686517196622
-8.201686517186452
-8.20168651718655
-8.201686517190868
-8.201686517190705
-8.201686517202347
-8.201686517199377
-8.201686517195277
-8.201686517197077
-8.2016865172049
-8.201686517192018
-8.201686517191494
-8.201686517172211
-8.201686517193862
-8.201686517195233
-8.201686517190378
-8.201686517204609
-8.201686517192698
-8.201686517195242
-8.201686517195114
-8.201686517194533
-8.201686517193302
-8.201686517208016
-8.201686517198164
-8.20168651719048
-8.201686517196753
-8.201686517193286
-8.201686517200134
-8.201686517187927
-8.201686517194194
-8.201686517195476
-8.2016865172042
-8.201686517180246
-8.20168651718872
-8.201686517187063
-8.201686517204223
-8.201686517197293
-8.201686517191922
-8.201686517195368
-8.201686517172586
-8.201686517195839
-8.201686517189424
-8.201686517197036
-8.201686517194911
-8.201686517194437
-8.201686517201205
-8.201686517191696
-8.201686517173552
-8.201686517191948
-8.20168651718973
-8.201686517186063
-8.201686517190199
-8.20168651719423
-8.20168651719679
-8.20168651719509
-8.20168651719077
-8.201686517193757
-8.201686517192488
-8.201686517196066
-8.201686517198885
-8.201686517192796
-8.201686517195562
-8.201686517191758
-8.20168651719479
-8.201686517193423
-8.201686517194291
-8.201686517185466
-8.201686517193727
-8.201686517195322
-8.201686517194062
-8.20168651719509
-8.201686517194231
-8.201686517199061
-8.201686517186502
-8.201686517191854
-8.20168651720349
-8.201686517195565
-8.201686517194924
-8.201686517196777
-8.201686517201265
-8.201686517195748
-8.201686517195387
-8.201689087159371
-8.201689087159473
-8.201689087158513
-8.201689087158949
-8.201689087158
-8.201689087160329
-8.201689087159247
-8.201689087159389
-8.201689087159735
-8.201689087160046
-8.201689087159718
-8.201689087158552
-8.201689087159076
-8.201689087157815
-8.20168908716088
-8.201689087159046
-8.201689087159174
-8.201689087160192
-8.201689087159988
-8.201689087161348
-8.20168908715963
-8.201689087156
-8.2016890871593
-8.201689087160474
-8.201689087148848
-8.201689087156963
-8.201689087156502
-8.201689087165
-8.201689087161636
-8.201689087155042
-8.201689087163125
-8.201689087160506
-8.201689087162336
-8.201689087155547
-8.201689087152733
-8.201689087149143
-8.201689087159387
-8.201689087163015
-8.201689087162908
-8.201689087163905
-8.201689087165171
-8.201689087154648
-8.2016890871531
-8.201689087156417
-8.201689087159192
-8.20168908716035
-8.201689087161329
-8.201689087161274
-8.201689087163423
-8.201689087161016
-8.201689087157547
-8.201689087161588
-8.201689087156678
-8.201689087158107
-8.201689087156266
-8.201689087165002
-8.201689087160144
-8.201689087156952
-8.20168908715606
-8.201689087157755
-8.201689087160249
-8.201689087157558
-8.20168908715863
-8.201689087153927
-8.201689087162766
-8.201689087156582
-8.201689087159167
-8.201689087156463
-8.201689087162691
-8.201689087165878
-8.201689087160164
-8.201689087146338
-8.20168908715469
-8.201689087161164
-8.20168908716004
-8.201689087163347
-8.20168908715885
-8.201689087164123
-8.201689087155565
-8.201689087159115
-8.20168908715832
-8.201689087152001
-8.201689087155327
-8.201689087164134
-8.201689087161137
-8.201689087159833
-8.201689087157689
-8.201689087160082
-8.201689087157328
-8.20168908715685
-8.201689087158956
-8.20168908716159
-8.201689087161403
-8.201689087159004
-8.201689087158224
-8.201689087156634
-8.201689087160128
-8.201689087158115
-8.20168908716102
-8.201689087159643
-8.20168908716039
-8.20168908715809
-8.20168908716238
-8.201689087158847
-8.201689087158709
-8.201689087158503
-8.20168908715925
-8.201689087159448
-8.20168908716039
-8.20168908715819
-8.20168908715994
-8.201689087159158
-8.201689087158904
-8.201689087160425
-8.201689087157902
-8.201689087159664
-8.2016890871588
-8.201689087158268
-8.201690025866236
