E_R
-1.080241189535718433e+02
-1.084475964586586088e+02
-1.087737868768875558e+02
-1.090244733515301050e+02
-1.092164828312123745e+02
-1.093628459952841325e+02
-1.094736492382057946e+02
-1.095567032871592090e+02
-1.096180479215656050e+02
-1.096623635187168304e+02
-1.096932752648046545e+02
-1.097135968707263913e+02
-1.097255203255436982e+02
-1.097307620222747460e+02
-1.097306780803640862e+02
-1.097263527507275569e+02
-1.097186658501250349e+02
-1.097083430612157997e+02
-1.096959919662942298e+02
-1.096821270480723314e+02
-1.096671870756510003e+02
-1.096515457293248232e+02
-1.096355191783110286e+02
-1.096193728052379583e+02
-1.096033235633414336e+02
