d,energies_pes,gates,depth
0.30923,-100.84535169366666,17,30
0.40923,-102.29557499392507,19,30
0.50923,-103.31509882995786,17,30
0.6092299999999999,-104.01374760711602,16,30
0.7092299999999999,-104.47952776790478,15,30
0.8092299999999999,-104.78537274181411,17,30
0.9092299999999999,-104.99267818909316,18,30
1.0092299999999998,-105.15256081626042,23,30
1.1092299999999997,-105.30416380845783,22,30
1.2092299999999998,-105.47263563515304,23,30
1.30923,-105.66872723583894,22,30
1.4092299999999995,-105.89058020929915,21,30
1.5092299999999996,-106.12805834976355,22,30
1.6092299999999997,-106.36789751735503,21,30
1.7092299999999998,-106.59784257740128,23,30
2.80923,-107.75407268
3.80923,-107.80763318
4.80923,-107.72954444
5.80923,-107.65973091
6.80923,-92.64916638
7.80923,-102.14570133
8.80923,-102.01742989
9.80923,
10.80923,
11.80923,