-107.93463959916824
-107.93875344714147
-107.94280899955496
-107.94680788304527
-107.95074849313795
-107.95462595826129
-107.95843234671578
-107.96215710217741
-107.96578767420198
-107.9693102921863
-107.97271081737516
-107.97597560047356
-107.97909227385307
-107.98205041729153
-107.98484205305986
-107.98746194710321
-107.9899077146134
-107.9921797472526
-107.99428099332327
-107.99621663019761
-107.99799367041231
-107.9996205400424
-108.00110666181595
-108.002462067554
-108.00369705632475
-108.0048219072174
-108.00584664948212
-108.00678088817912
-108.00763368040631
-108.00841345542241
-108.0091279712747
-108.00978430058416
-108.01038883867658
-108.01094732805652
-108.01146489415424
-108.01194608820497
-108.01239493399933
-108.0128149760117
-108.01320932707357
-108.01358071429942
-108.01393152240398
-108.01426383388858
-108.0145794658266
-108.01488000316851
-108.01516682861812
-108.0154411492247
-108.01570401989329
-108.01595636404866
-108.0161989917055
-108.01643261519872
