-107.65215120113952
-107.71318536682081
-107.7698214251143
-107.8179128469979
-107.85588637141552
-107.88475345745388
-107.90659695763073
-107.92333840943627
-107.93636505537516
-107.94661759191295
-107.9547527287729
-107.96125317398852
-107.96648613265546
-107.97073443423218
-107.97421594603938
-107.97709790259557
-107.97950832900104
-107.98154521413713
-107.98328374485344
-107.98478189151865
-107.98608464788015
-107.98722721255949
-107.9882373608999
-107.98913720905676
-107.98994452730982
-107.99067372122634
-107.99133656868551
-107.99194277731752
-107.9925004094136
-107.9930162085288
-107.99349585268055
-107.99394415232616
-107.99436520645284
-107.99476252662745
-107.99513913632563
-107.99549765102815
-107.99584034323341
-107.99616919554857
-107.99648594429007
-107.99679211548079
-107.99708905471404
-107.9973779520476
-107.99765986284295
-107.99793572528489
-107.9982063751712
-107.99847255844374
-107.99873494184918
-107.99899412203982
-107.99925063337479
-107.99950495462852
-107.99975751478286
-108.00000869804552
-108.00025884821393
-108.00050827248444
-108.00075724478971
-108.00100600873333
-108.00125478018103
-108.00150374955666
-108.00175308388515
-108.00200292861808
-108.00225340927084
-108.0025046328978
-108.00275668942648
-108.0030096528712
-108.00326358243859
-108.00351852354362
-108.00377450874356
-108.00403155860253
-108.00428968249551
-108.00454887935763
-108.00480913838747
-108.00507043970899
-108.00533275499598
-108.0055960480664
-108.00586027544571
-108.00612538690731
-108.00639132598758
-108.00665803048318
-108.00692543292675
-108.00719346104754
-108.00746203821573
-108.00773108387149
-108.00800051394052
-108.00827024123603
-108.0085401758482
-108.00881022552088
-108.00908029601646
-108.00935029146788
-108.00962011471965
-108.00988966765573
-108.01015885151617
-108.01042756720108
-108.01069571556187
-108.01096319768087
-108.01122991513762
-108.01149577026223
-108.01176066637663
-108.01202450802127
-108.01228720117024
-108.01254865343189
-108.0128087742369
-108.01306747501204
-108.01332466934224
-108.01358027311785
-108.0138342046694
-108.01408638488975
-108.01433673734263
-108.0145851883596
-108.01483166712363
-108.01507610574171
-108.01531843930476
-108.01555860593737
-108.01579654683547
-108.01603220629465
-108.0162655317271
-108.01649647367043
-108.01672498578597
-108.01695102484946
-108.01717455073313
-108.01739552638
