-107.65215120113953
-107.71318536682081
-107.76982142511434
-107.81791284699794
-107.8558863714155
-107.88475345745394
-107.90659695763074
-107.9233384094363
-107.93636505537516
-107.94661759191298
-107.95475272877295
-107.96125317398855
-107.96648613265548
-107.97073443423228
-107.97421594603942
-107.97709790259557
-107.97950832900106
-107.98154521413718
-107.98328374485348
-107.98478189151868
-107.98608464788015
-107.98722721255955
-107.98823736089994
-107.9891372090568
-107.98994452730985
-107.99067372122644
-107.99133656868553
-107.99194277731748
-107.99250040941368
-107.99301620852883
-107.99349585268058
-107.99394415232616
-107.99436520645291
-107.9947625266275
-107.9951391363256
-107.9954976510281
-107.99584034323341
-107.99616919554856
-107.99648594429007
-107.99679211548076
-107.99708905471405
-107.9973779520477
-107.99765986284294
-107.99793572528492
-107.99820637517115
-107.99847255844381
-107.99873494184921
-107.99899412203985
-107.9992506333748
-107.99950495462852
-107.99975751478289
-108.00000869804555
-108.000258848214
-108.0005082724845
-108.00075724478972
-108.00100600873344
-108.0012547801811
-108.00150374955669
-108.0017530838852
