-107.92481604001684
-107.93301687821551
-107.94087824100752
-107.94832157567058
-107.95528671116085
-107.96173309337853
-107.96763938717855
-107.97300173492414
-107.97783108775333
-107.98215005615647
-107.98598967862654
-107.98938641193469
-107.99237953575522
-107.99500906218908
-107.9973141609393
-107.99933205766045
-108.00109733404518
-108.00264154800678
-108.0039930946514
-108.00517723814782
-108.00621625702807
-108.00712965820838
-108.00793442659715
-108.00864528687433
-108.00927496173398
-108.00983441671806
-108.01033308602017
-108.01077907661058
-108.01117935003074
-108.01153988247646
