-107.93463959916828
-107.9387534471415
-107.94280899955497
-107.94680788304528
-107.95074849313798
-107.95462595826135
-107.95843234671582
-107.96215710217741
-107.96578767420202
-107.9693102921863
-107.97271081737516
-107.97597560047365
-107.97909227385315
-107.98205041729156
-107.98484205305991
-107.98746194710321
-107.98990771461342
-107.9921797472526
-107.99428099332331
-107.99621663019761
-107.99799367041237
-107.99962054004246
-108.00110666181598
-108.00246206755408
-108.00369705632477
-108.00482190721739
-108.00584664948218
-108.00678088817915
-108.0076336804064
-108.00841345542248
-108.00912797127472
-108.00978430058419
-108.01038883867659
-108.0109473280566
-108.01146489415427
-108.01194608820498
-108.01239493399936
-108.01281497601173
-108.01320932707364
-108.01358071429945
-108.01393152240402
-108.0142638338886
-108.01457946582664
-108.01488000316854
-108.01516682861812
-108.01544114922471
-108.01570401989332
-108.01595636404866
-108.01619899170552
-108.01643261519877
