-107.05985259396849
-107.34463272616522
-107.52867850184383
-107.61584288035114
-107.6580341772393
-107.68280292495969
-107.6991876019392
-107.71084166658243
-107.71973222943396
-107.72704044329197
-107.73349504022288
-107.73955038888181
-107.74549308341217
-107.75150688769978
-107.7577122442348
-107.76419023904126
-107.77099709158865
-107.778172829901
-107.78574630846211
-107.79373780686188
-107.80215990221146
-107.81101700968958
-107.82030385651018
-107.83000314837386
-107.84008276962041
-107.85049299268788
-107.86116431138244
-107.87200659426168
-107.8829102125698
-107.89374958200115
-107.90438916538858
-107.91469147809546
-107.9245261473452
-107.93377875501542
-107.94235815922374
-107.95020127103483
-107.95727477759745
-107.96357389405466
-107.96911872488394
-107.9739491056093
-107.97811884830172
-107.98169017558412
-107.98472888449857
-107.98730052007987
-107.98946761916463
-107.9912879349515
-107.99281347251065
-107.99409014011911
-107.99515783175215
-107.99605078505728
-107.99679809421123
-107.99742429063316
-107.9979499329338
-107.99839216958003
-107.99876525387384
-107.99908100194634
-107.9993491916739
-107.99957790479841
-107.99977381692379
-107.99994244115464
-108.00008833140262
-108.00021525117205
-108.00032631314237
-108.00042409427658
-108.00051073055731
-108.00058799484842
-108.00065736083744
-108.00072005552957
-108.0007771023388
-108.00082935647458
-108.00087753401263
-108.00092223579824
-108.00096396711454
-108.00100315388497
-108.00104015603245
-108.00107527851057
-108.00110878042064
-108.00114088255893
-108.00117177367093
-108.0012016156425
-108.00123054781228
-108.00125869056363
-108.00128614831377
-108.00131301201155
-108.0013393612229
-108.00136526587656
-108.00139078772706
-108.00141598158177
-108.00144089633314
-108.00146557582596
-108.00149005958993
-108.0015143834558
-108.00153858007891
-108.00156267937912
-108.00158670891706
-108.00161069421088
-108.00163465900788
-108.00165862551414
-108.0016826145919
-108.00170664592703
-108.00173073817436
-108.00175490908003
-108.00177917558872
-108.00180355393493
-108.00182805972243
-108.00185270799227
-108.00187751328266
-108.00190248968087
-108.00192765086679
-108.001953010154
-108.00197858052292
-108.00200437465126
-108.00203040494104
-108.00205668354036
-108.00208322236587
-108.00211003311968
-108.00213712730559
-108.00216451624374
-108.00219221108307
-108.00222022281214
-108.00224856227008
-108.00227724015461
-108.00230626703039
-108.00233565333617
-108.00236540939103
-108.00239554539999
-108.00242607145947
-108.00245699756113
-108.0024883335965
-108.00252008936066
-108.00255227455551
-108.00258489879236
-108.00261797159514
-108.00265150240274
-108.0026855005713
-108.00271997537612
-108.00275493601436
-108.00279039160576
-108.00282635119542
-108.00286282375527
-108.00289981818595
-108.00293734331797
-108.00297540791419
-108.00301402067092
-108.00305319022048
-108.00309292513246
-108.00313323391592
-108.00317412502145
-108.00321560684347
-108.00325768772252
-108.00330037594745
-108.00334367975803
-108.00338760734763
-108.00343216686592
-108.00347736642239
-108.00352321408782
-108.00356971789915
-108.00361688586133
-108.00366472595155
-108.00371324612192
-108.00376245430266
-108.00381235840628
-108.00386296633047
-108.00391428596089
-108.00396632517536
-108.00401909184629
-108.00407259384367
-108.00412683903868
-108.00418183530483
-108.0042375905215
-108.00429411257493
-108.00435140936119
-108.00440948878541
-108.00446835876438
-108.00452802722607
-108.00458850210862
-108.00464979136105
-108.00471190294016
-108.00477484480953
-108.00483862493576
-108.00490325128519
-108.00496873181945
-108.00503507449018
-108.00510228723248
-108.00517037795835
-108.0052393545487
-108.00530922484441
-108.00537999663634
-108.0054516776548
-108.00552427555817
-108.0055977979201
-108.00567225221593
-108.00574764580838
-108.0058239859328
-108.00590127968061
-108.00597953398224
-108.0060587555902
-108.00613895106045
-108.0062201267331
-108.00630228871364
-108.00638544285204
-108.0064695947226
-108.00655474960314
-108.00664091245329
-108.00672808789358
-108.00681628018323
-108.006905493199
-108.00699573041324
-108.00708699487173
-108.00717928917352
-108.00727261544827
-108.00736697533696
-108.00746236997013
-108.00755879994857
-108.00765626532444
-108.0077547655817
-108.00785429961857
-108.00795486573085
-108.00805646159438
-108.00815908425083
-108.00826273009235
-108.0083673948486
-108.00847307357367
-108.00857976063521
-108.00868744970374
-108.00879613374346
-108.00890580500447
-108.00901645501538
-108.00912807457712
-108.00924065376013
-108.00935418189836
-108.00946864758913
-108.00958403869069
-108.00970034232262
-108.0098175448671
-108.00993563197065
-108.01005458854848
-108.01017439878768
-108.01029504615352
-108.01041651339607
-108.0105387825571
-108.01066183497944
-108.01078565131576
-108.01091021153994
-108.01103549495755
-108.01116148021893
-108.01128814533219
-108.01141546767718
-108.01154342402036
-108.01167199053094
-108.01180114279703
-108.01193085584303
-108.01206110414813
-108.0121918616646
-108.01232310183718
-108.01245479762412
-108.01258692151731
-108.01271944556424
-108.01285234138939
-108.01298558021884
-108.01311913290152
-108.01325296993441
-108.0133870614868
-108.01352137742482
-108.01365588733762
-108.01379056056317
-108.01392536621424
-108.01406027320536
-108.01419525028035
-108.01433026603968
-108.01446528896759
-108.01460028746172
-108.01473522985991
-108.01487008446986
-108.01500481959717
-108.01513940357444
-108.01527380479041
-108.01540799171845
-108.01554193294592
-108.01567559720297
-108.0158089533912
-108.01594197061226
-108.01607461819702
-108.01620686573247
-108.01633868309108
-108.01647004045725
-108.0166009083552
-108.0167312576753
-108.01686105970035
-108.01699028613129
-108.01711890911284
-108.01724690125667
-108.01737423566664
-108.01750088596089
-108.01762682629408
-108.01775203137923
-108.01787647650826
-108.018000137571
-108.01812299107462
-108.01824501416104
