-107.99362896489144
-107.99623130446254
-107.99862060606445
-108.00080093902243
-108.00277919429652
-108.00456454942162
-108.00616790844094
-108.00760135902277
-108.0088776772242
-108.01000989880357
-108.01101096591869
-108.01189345016488
-108.01266934735192
-108.01334993599109
-108.013945689783
-108.01446623400312
-108.01492033616432
-108.01531592233327
-108.01566011172196
-108.01595926348074
-108.01621903085919
-108.0164444190117
-108.01663984367639
-108.01680918873943
-108.01695586132335
-108.01708284353118
-108.0171927403455
-108.01728782345887
-108.01737007100833
-108.0174412033206
-108.01750271486718
-108.01755590267933
-108.01760189150471
-108.01764165599548
-108.01767604021643
-108.01770577475148
-108.01773149166836
-108.01775373758566
-108.0177729850623
-108.0177896425113
-108.01780406281786
-108.01781655082335
-108.0178273698183
-108.01783674717115
-108.01784487920443
-108.01785193541642
-108.01785806213417
-108.01786338567342
-108.01786801507053
-108.01787204444358
-108.01787555503273
-108.01787861696259
-108.0178812907646
-108.0178836286909
-108.0178856758494
-108.01788747118323
-108.01788904831605
-108.01789043628168
-108.01789166015365
-108.01789274158861
-108.01789369929489
-108.01789454943686
-108.01789530598397
-108.01789598101166
-108.01789658496092
-108.01789712686228
-108.017897614529
-108.01789805472382
-108.0178984533026
-108.01789881533844
-108.01789914522847
-108.01789944678634
-108.01789972332165
-108.01789997770872
-108.01790021244577
-108.01790042970616
-108.01790063138216
-108.01790081912344
-108.01790099436963
-108.01790115837844
-108.01790131225074
-108.01790145695101
-108.01790159332594
-108.01790172211996
-108.01790184398904
-108.01790195951205
-108.01790206920114
-108.01790217351069
-108.01790227284434
-108.01790236756187
-108.01790245798497
-108.01790254440165
-108.01790262707087
-108.01790270622615
-108.01790278207856
-108.01790285481957
-108.01790292462339
-108.01790299164905
-108.01790305604223
-108.01790311793675
-108.01790317745589
-108.01790323471364
-108.01790328981569
-108.01790334286021
-108.01790339393888
-108.01790344313729
-108.01790349053572
-108.0179035362096
-108.01790358022984
-108.01790362266343
-108.01790366357385
-108.01790370302092
-108.01790374106172
-108.01790377775016
-108.01790381313789
-108.01790384727389
-108.01790388020503
-108.01790391197596
-108.01790394262959
-108.01790397220667
