-107.95380485791989
-107.95664187626716
-107.95955620614546
-107.96253967533683
-107.96557981994289
-107.96866021377741
-107.97176102602793
-107.974859792754
-107.97793236298892
-107.98095395763121
-107.98390026314472
-107.98674847566897
-107.98947821599819
-107.99207225129169
-107.99451698249815
-107.99680268309872
-107.998923500398
-108.00087725144311
-108.00266505941147
-108.00429088232323
-108.00576098499837
-108.007083399036
-108.00826740633617
-108.00932307130537
-108.01026083692008
-108.01109119129512
-108.01182440477693
-108.01247033294992
-108.01303827810523
-108.01353690034414
-108.01397416919687
-108.01435734708406
-108.01469299683092
-108.01498700654312
-108.01524462630512
-108.01547051226231
-108.01566877464187
-108.01584302712028
-108.01599643565753
-108.01613176548999
-108.01625142542765
-108.01635750894553
-108.01645183181627
-108.01653596622138
-108.01661127140585
-108.01667892103167
-108.01673992743943
-108.0167951630575
-108.01684537921211
-108.01689122259208
-108.0169332496134
-108.01697193891597
-108.0170077022093
-108.01704089366396
-108.0170718180292
-108.0171007376373
-108.01712787843796
-108.01715343519132
