-107.65215120113955
-107.71318536682085
-107.76982142511434
-107.81791284699788
-107.85588637141551
-107.88475345745397
-107.90659695763073
-107.92333840943635
-107.93636505537516
-107.94661759191294
-107.95475272877299
-107.96125317398852
-107.96648613265548
-107.97073443423224
-107.97421594603938
-107.97709790259556
-107.9795083290011
-107.9815452141372
-107.98328374485345
-107.98478189151871
-107.98608464788016
-107.98722721255952
-107.98823736089992
-107.98913720905684
-107.98994452730986
-107.99067372122639
-107.99133656868553
-107.99194277731746
-107.99250040941368
-107.99301620852884
-107.99349585268061
-107.99394415232621
-107.99436520645285
-107.99476252662753
-107.99513913632566
-107.99549765102816
-107.9958403432334
-107.99616919554863
-107.99648594429004
-107.99679211548073
-107.99708905471407
-107.99737795204769
-107.9976598628429
-107.99793572528492
-107.9982063751712
-107.99847255844381
-107.99873494184924
-107.99899412203985
-107.99925063337483
-107.99950495462848
-107.99975751478289
-108.00000869804552
-108.00025884821395
-108.00050827248441
-108.00075724478977
-108.00100600873333
-108.00125478018114
-108.00150374955665
-108.00175308388518
-108.00200292861814
-108.0022534092708
-108.0025046328978
-108.00275668942648
-108.00300965287126
-108.00326358243862
-108.00351852354372
-108.00377450874352
-108.00403155860256
-108.00428968249554
-108.00454887935764
-108.0048091383875
-108.00507043970899
-108.00533275499606
-108.0055960480664
-108.00586027544568
-108.0061253869073
-108.00639132598761
-108.00665803048321
-108.00692543292669
-108.0071934610475
-108.0074620382158
-108.00773108387153
-108.00800051394052
-108.00827024123603
-108.00854017584817
-108.00881022552093
-108.00908029601645
-108.00935029146784
-108.00962011471965
-108.00988966765573
-108.01015885151625
-108.01042756720108
-108.01069571556185
-108.0109631976809
-108.01122991513756
-108.01149577026223
-108.01176066637663
-108.01202450802124
-108.01228720117025
-108.0125486534319
-108.01280877423685
-108.01306747501205
-108.01332466934224
-108.01358027311781
-108.01383420466942
-108.01408638488968
-108.01433673734266
-108.01458518835959
-108.01483166712367
-108.01507610574167
-108.01531843930476
-108.01555860593733
-108.01579654683545
-108.0160322062946
-108.01626553172711
-108.0164964736704
-108.01672498578597
-108.01695102484948
-108.01717455073316
-108.01739552637991
-108.01761391777165
-108.01782969388861
-108.01804282666538
-108.01825329093909
-108.01846106439359
-108.01866612749922
-108.01886846344695
-108.01906805808079
-108.0192648998254
-108.01945897961178
-108.01965029080034
-108.01983882910142
-108.02002459249536
-108.02020758114993
-108.02038779733826
-108.02056524535456
-108.02073993143122
-108.02091186365463
-108.02108105188184
-108.02124750765736
-108.02141124413124
-108.02157227597718
-108.02173061931228
-108.02188629161822
-108.02203931166335
-108.02218969942655
-108.02233747602244
-108.02248266362919
-108.02262528541698
-108.02276536547919
-108.0229029287655
-108.02303800101618
-108.02317060870001
-108.02330077895266
-108.02342853951806
-108.02355391869176
-108.0236769452663
-108.02379764847875
-108.02391605796063
-108.02403220368872
-108.02414611594003
-108.02425782524666
-108.02436736235427
-108.02447475818128
-108.02458004378106
-108.02468325030524
-108.02478440896928
-108.02488355101968
-108.02498070770274
-108.02507591023544
-108.02516918977786
-108.02526057740674
-108.0253501040913
-108.02543780066983
-108.02552369782852
-108.02560782608049
-108.02569021574791
-108.02577089694358
-108.02584989955474
-108.02592725322832
-108.02600298735598
-108.0260771310622
-108.02614971319137
-108.02622076229778
-108.02629030663475
-108.02635837414617
-108.02642499245796
-108.02649018887091
-108.02655399035375
-108.02661642353739
-108.02667751470999
-108.02673728981183
-108.02679577443236
-108.02685299380602
-108.02690897280975
-108.02696373596132
-108.02701730741704
-108.0270697109707
-108.02712097005286
-108.02717110773068
-108.02722014670762
-108.02726810932417
-108.02731501755825
-108.02736089302674
-108.02740575698645
-108.02744963033624
-108.02749253361827
-108.02753448702096
-108.02757551038079
-108.0276156231852
-108.0276548445754
-108.02769319334901
-108.02773068796358
-108.0277673465397
-108.0278031868644
-108.02783822639496
-108.02787248226203
-108.0279059712738
-108.0279387099198
-108.02797071437483
-108.02800200050251
-108.02803258386027
-108.0280624797025
-108.02809170298534
-108.02812026837024
-108.02814819022916
-108.0281754826477
-108.02820215943035
-108.02822823410415
-108.02825371992296
-108.02827862987233
-108.02830297667316
-108.02832677278627
-108.02835003041673
-108.0283727615179
-108.02839497779583
-108.02841669071346
-108.02843791149469
-108.0284586511288
-108.0284789203742
-108.02849872976311
-108.0285180896049
-108.02853700999052
-108.02855550079676
-108.02857357168972
-108.02859123212895
-108.02860849137116
-108.0286253584744
-108.02864184230144
-108.02865795152348
-108.02867369462454
-108.02868907990394
-108.028704115481
-108.02871880929791
-108.02873316912354
-108.02874720255637
-108.02876091702875
-108.02877431980946
-108.0287874180072
-108.02880021857422
-108.02881272830888
-108.02882495385926
-108.02883690172607
-108.02884857826552
-108.02885998969283
-108.02887114208445
-108.02888204138145
-108.02889269339217
-108.02890310379496
-108.02891327814118
-108.02892322185751
-108.02893294024874
-108.02894243850058
-108.02895172168179
-108.02896079474705
-108.02896966253898
-108.02897832979127
-108.0289868011301
-108.0289950810772
-108.02900317405164
-108.02901108437253
-108.02901881626077
-108.02902637384123
-108.02903376114496
-108.02904098211158
-108.02904804059067
-108.02905494034401
-108.02906168504761
-108.02906827829355
-108.02907472359176
-108.02908102437182
-108.02908718398511
-108.0290932057059
-108.02909909273356
-108.02910484819415
-108.02911047514195
-108.02911597656099
-108.02912135536697
-108.02912661440848
-108.0291317564686