-107.93463959916828
-107.9387534471415
-107.94280899955498
-107.9468078830453
-107.95074849313801
-107.95462595826137
-107.95843234671578
-107.9621571021774
-107.965787674202
-107.96931029218632
-107.9727108173752
-107.97597560047359
-107.97909227385313
-107.98205041729153
-107.98484205305988
-107.98746194710323
-107.98990771461342
-107.9921797472526
-107.99428099332333
-107.99621663019767
-107.99799367041237
-107.99962054004243
-108.001106661816
-108.00246206755403
-108.00369705632477
-108.0048219072174
-108.00584664948215
-108.00678088817918
-108.00763368040636
-108.00841345542247
-108.00912797127472
-108.00978430058422
-108.01038883867656
-108.01094732805657
-108.01146489415426
-108.01194608820498
-108.01239493399936
-108.0128149760117
-108.01320932707361
-108.01358071429945
-108.013931522404
-108.01426383388858
-108.01457946582664
-108.01488000316853
-108.01516682861816
-108.01544114922473
-108.01570401989329
-108.01595636404865
-108.01619899170555
-108.0164326151988
-108.01665786282229
-108.01687529061209
-108.0170853924939
-108.01728860899742
-108.0174853347207
-108.01767592470978
-108.01786069990058
-108.01803995175283
-108.01821394619145
-108.0183829269545
-108.01854711843524
-108.01870672809392
-108.01886194850461
-108.01901295909228
-108.01915992760921
-108.01930301139086
-108.01944235842643
-108.01957810827386
-108.01971039284368
-108.0198393370735
-108.01996505951078
-108.02008767281832
-108.02020728421577
-108.02032399586665
-108.02043790522055
-108.02054910531704
-108.02065768505754
-108.02076372945018
-108.02086731983161
-108.02096853406971
-108.02106744674875
-108.02116412934093
-108.02125865036504
-108.02135107553418
-108.02144146789391
-108.02152988795191
-108.02161639380012
-108.02170104122945
-108.02178388383888
-108.02186497313821
-108.02194435864604
-108.02202208798224
-108.02209820695633
-108.02217275965113
-108.0222457885027
-108.02231733437614
-108.02238743663767
-108.02245613322376
-108.02252346070637
-108.02258945435531
