-106.8663488526966
-106.97761266725612
-107.09523285989975
-107.2268258113425
-107.36959049403241
-107.50838050277616
-107.62249638584103
-107.70339686505538
-107.75855510146081
-107.79893122471394
-107.83128977313926
-107.8585532213321
-107.88182042123329
-107.90158555994269
-107.91822253080235
-107.9321140508713
-107.94365295991715
-107.95321540473213
-107.9611393208598
-107.96771495684888
-107.97318432753599
-107.97774586372628
-107.98156085550697
-107.98476013428878
-107.98744994723596
-107.98971691440005
-107.9916319569388
-107.99325343221338
-107.9946295565494
-107.99580032877674
-107.99679902653722
-107.99765341173129
-107.99838668482187
-107.99901826791469
-107.99956443549061
-108.00003883963556
-108.00045293846483
-108.00081635624039
-108.00113717941699
-108.00142220676712
-108.00167715588819
-108.00190683812252
-108.00211530328174
-108.00230596238865
-108.00248168932333
-108.00264490710079
-108.00279765933449
-108.0029416709511
-108.00307839846657
-108.00320907275515
