-107.95380485791986
-107.95664187626713
-107.95955620614549
-107.96253967533679
-107.96557981994289
-107.96866021377738
-107.9717610260279
-107.97485979275395
-107.9779323629889
-107.98095395763121
-107.98390026314468
-107.986748475669
-107.98947821599812
-107.99207225129166
-107.99451698249811
-107.9968026830987
-107.99892350039798
-108.00087725144303
-108.00266505941141
-108.00429088232319
-108.00576098499837
-108.00708339903595
-108.00826740633616
-108.00932307130535
-108.01026083692007
-108.01109119129511
-108.01182440477692
-108.01247033294986
-108.01303827810521
-108.01353690034412
-108.01397416919681
-108.01435734708406
-108.01469299683089
-108.01498700654312
-108.01524462630506
-108.01547051226225
-108.01566877464184
-108.01584302712028
-108.01599643565751
-108.01613176548993
-108.01625142542764
-108.01635750894552
-108.01645183181625
-108.01653596622135
-108.01661127140582
-108.01667892103167
-108.01673992743943
-108.01679516305744
-108.01684537921203
-108.01689122259206
-108.01693324961337
-108.01697193891596
-108.01700770220924
