-107.62211648411754
-107.6681282660642
-107.71149127096281
-107.75150943125082
-107.7875734062127
-107.81928531606158
-107.84653199026388
-107.86948186598764
-107.88851895420454
-107.90414941509
-107.91691465733325
-107.92732942463918
-107.93584772634976
-107.94285063849497
-107.94864776105346
-107.95348546998582
-107.9575574538073
-107.96101506407057
-107.96397637979109
-107.96653366728252
-107.96875930015024
-107.97071035660541
-107.9724321452623
-107.97396089170459
-107.9753257807082
-107.97655050938181
-107.9776544712643
-107.97865366255324
-107.9795613790241
-107.9803887549148
-107.981145182064
-107.98183863790175
-107.9824759437113
-107.98306296925261
-107.98360479589702
-107.984105847484
-107.98456999592719
-107.98500064695536
-107.98540081014093
-107.9857731564341
-107.98612006570859
-107.98644366628145
-107.98674586795146
-107.9870283897747
-107.98729278354644
-107.98754045376168
-107.98777267467092
-107.98799060493127
-107.9881953002515
-107.9883877243588
