-108.00421303512984
-108.00732389081229
-108.01001280594267
-108.01232346112371
-108.01429940287886
-108.01598238091665
-108.01741126963091
-108.01862145980527
-108.01964460486283
-108.0205086182136
-108.02123783649999
-108.02185328281148
-108.02237298148535
-108.02281229072513
-108.0231842307244
-108.02349979353225
-108.02376822702166
-108.0239972895304
-108.02419347451723
-108.02436220630116
-108.02450800894712
-108.02463465085467
-108.0247452677774
-108.02484246696301
-108.0249284149493
-108.02500491132987
-108.02507345055866
-108.02513527361165
-108.02519141108566
-108.02524271909562
-108.0252899091312
-108.02533357286067
-108.0253742027165
-108.02541220896562
-108.0254479338544
-108.0254816633225
-108.02551363669808
-108.0255440547193
-108.02557308616781
-108.0256008733538
-108.02562753664878
-108.02565317823277
-108.0256778851895
-108.02570173206476
-108.02572478297945
-108.02574709337624
-108.02576871146225
-108.02578967940187
-108.0258100343027
-108.02582980903074
-108.02584903288515
-108.0258677321563
