-107.99362896489153
-107.99623130446258
-107.99862060606453
-108.0008009390225
-108.00277919429656
-108.0045645494217
-108.006167908441
-108.0076013590228
-108.00887767722428
-108.01000989880363
-108.01101096591871
-108.01189345016496
-108.01266934735197
-108.01334993599116
-108.01394568978307
-108.0144662340032
-108.01492033616441
-108.01531592233331
-108.01566011172201
-108.01595926348082
-108.01621903085926
-108.0164444190117
-108.01663984367649
-108.0168091887395
-108.01695586132342
-108.01708284353123
-108.01719274034555
-108.01728782345894
-108.01737007100837
-108.01744120332067
-108.01750271486723
-108.0175559026794
-108.01760189150478
-108.01764165599553
-108.01767604021649
-108.01770577475152
-108.01773149166841
-108.01775373758569
-108.01777298506238
-108.01778964251137
-108.0178040628179
-108.0178165508234
-108.01782736981832
-108.0178367471712
-108.01784487920453
-108.01785193541646
-108.01785806213418
-108.01786338567346
-108.01786801507056
-108.01787204444359
-108.01787555503277
-108.01787861696269
-108.01788129076466
-108.01788362869094
-108.01788567584943
-108.01788747118329
-108.0178890483161
-108.0178904362817
-108.01789166015371
